16-24-22-21-8-7-13-1-14-11-6-12-20-19-10-17-23-4-15-2-18-5-9-3
15-9-2-24-13-5-6-8-4-23-22-19-11-10-20-3-17-1-21-12-14-18-7-16
15-3-24-21-1-14-20-11-6-23-22-8-7-5-17-12-4-13-9-2-16-19-18-10
18-2-1-21-3-22-24-15-10-19-13-16-20-5-14-7-23-12-17
16-8-22-24-23-6-21-5-7-9-15-12-20-18-4-3-11-10-13-14-17-1-2-19
12-20-24-5-4-9-14-11-18-6-1-13-8-2-23-10-22-21-17-7-19-3-15-16
6-4-13-21-7-10-18-8-2-5-23-14-15-1-19-22-24-9-20-16-17-3-12-11
8-2-14-6-15-4-12-9-3-18-16-11-19-17-24-5-10
14-24-22-15-23-16-3-12-6-13-19-2-10-8-5-4-7-20-11-18-9
24-6-23-21-2-14-18-7-10-9-19-3-20-8-11-17-4-12-22-5-1-13-16-15
7-5-24-21-6-16-19-1-4-22-3-18-11-14-23-9-20-8-17-13-15-12-10-2
6-24-22-20-18-17-4-8-9-23-3-12-11-16-2-7-1-10-21-13
12-24-22-15-21-14-10-4-6-7-11-16-3-19-23-20-13
13-4-3-24-16-14-2-20-17-18-23-9-12-10-1-22-8-19-21-15-6-11
14-17-24-21-6-15-3-22-2-16-18-8-23-9-11-20-7-12-4